class x1 y1 x2 y2 id file_number
15 0.257687 0.320707 0.514001 0.635966 1 1
15 0.680734 0.427594 0.206246 0.20555 2 2
15 0.272587 0.320243 0.543767 0.636517 1 3
15 0.678311 0.427307 0.20098 0.204316 2 4
15 0.278065 0.32029 0.554293 0.635515 1 5
15 0.67572 0.427411 0.196743 0.20429 2 6
15 0.283461 0.319589 0.563881 0.639177 1 7
15 0.672959 0.42793 0.190414 0.204245 2 8
15 0.280889 0.319629 0.5595 0.636332 1 9
15 0.673528 0.428592 0.190978 0.202672 2 10
15 0.281821 0.319546 0.561549 0.636993 1 11
15 0.673603 0.429338 0.190769 0.200586 2 12
15 0.282982 0.320076 0.562965 0.640152 1 13
15 0.672568 0.429027 0.192204 0.201985 2 14
15 0.277795 0.318971 0.553599 0.637327 1 15
15 0.672623 0.429406 0.19342 0.202235 2 16
15 0.276687 0.319045 0.551213 0.636482 1 17
15 0.672325 0.428884 0.194419 0.203255 2 18
15 0.272085 0.320628 0.541247 0.63743 1 19
15 0.670728 0.43047 0.194939 0.200487 2 20
15 0.277601 0.320109 0.553011 0.634202 1 21
15 0.670596 0.429619 0.192394 0.201077 2 22
15 0.283581 0.320945 0.566127 0.637647 1 23
15 0.671406 0.429407 0.192127 0.201297 2 24
15 0.288618 0.321086 0.575316 0.636581 1 25
15 0.673451 0.42917 0.194841 0.201019 2 26
15 0.288401 0.320548 0.575899 0.638323 1 27
15 0.676275 0.429348 0.20163 0.201482 2 28
15 0.284816 0.32155 0.567537 0.638676 1 29
15 0.674348 0.429624 0.203978 0.201917 2 30
15 0.2921 0.320435 0.58156 0.640871 1 31
15 0.679876 0.429768 0.193081 0.201286 2 32
15 0.617488 0.433472 0.315681 0.210171 3 33
15 0.284513 0.32077 0.56693 0.638791 1 34
15 0.673485 0.429379 0.2036 0.201775 2 35
15 0.283561 0.321199 0.565131 0.638123 1 36
15 0.67657 0.429065 0.206559 0.202594 2 37
15 0.289926 0.320752 0.577247 0.636616 1 38
15 0.68437 0.430171 0.211072 0.201516 2 39
15 0.299187 0.320933 0.59602 0.637609 1 40
15 0.691886 0.435435 0.217844 0.193839 2 41
15 0.292033 0.319953 0.581404 0.63799 1 42
15 0.694327 0.435957 0.222543 0.189809 2 43
15 0.29014 0.319803 0.577998 0.639607 1 44
15 0.692007 0.436794 0.217685 0.190253 2 45
15 0.284026 0.319927 0.565012 0.639853 1 46
15 0.686182 0.434783 0.207671 0.194957 2 47
15 0.285825 0.319721 0.56842 0.639441 1 48
15 0.683792 0.433606 0.206573 0.194607 2 49
15 0.286653 0.319703 0.570107 0.639407 1 50
15 0.682098 0.433085 0.204473 0.195267 2 51
15 0.28662 0.319541 0.57027 0.639081 1 52
15 0.683117 0.432611 0.207431 0.195988 2 53
15 0.285639 0.319779 0.568128 0.639559 1 54
15 0.682445 0.432918 0.20693 0.195216 2 55
15 0.288959 0.320206 0.574839 0.640215 1 56
15 0.683383 0.432269 0.206493 0.196622 2 57
15 0.280687 0.319323 0.559409 0.638647 1 58
15 0.681638 0.433061 0.204631 0.194632 2 59
15 0.283139 0.320653 0.56402 0.634104 1 60
15 0.680873 0.432697 0.203483 0.195111 2 61
15 0.289668 0.319866 0.576722 0.634718 1 62
15 0.675156 0.432301 0.192756 0.195365 2 63
15 0.293354 0.320281 0.584381 0.635298 1 64
15 0.666983 0.431768 0.176425 0.196001 2 65
15 0.300831 0.321208 0.599648 0.639264 1 66
15 0.669838 0.432133 0.170902 0.196027 2 67
15 0.303927 0.321376 0.605757 0.639349 1 68
15 0.670193 0.43212 0.164079 0.195734 2 69
15 0.308784 0.319332 0.615941 0.636893 1 70
15 0.668961 0.432201 0.165623 0.197052 2 71
15 0.303058 0.320553 0.604216 0.637338 1 72
15 0.667464 0.432042 0.162913 0.197602 2 73
15 0.304572 0.321109 0.607099 0.638574 1 74
15 0.668949 0.431634 0.163381 0.196144 2 75
15 0.308538 0.320624 0.615002 0.636716 1 76
15 0.672624 0.430858 0.160269 0.19769 2 77
15 0.30848 0.320761 0.614868 0.636717 1 78
15 0.674856 0.430739 0.158272 0.19793 2 79
15 0.307105 0.320659 0.611992 0.636715 1 80
15 0.672175 0.431416 0.164618 0.196773 2 81
15 0.317194 0.32094 0.632553 0.637487 1 82
15 0.673333 0.4303 0.161426 0.199888 2 83
15 0.319638 0.321307 0.63743 0.637253 1 84
15 0.31445 0.321407 0.627405 0.636801 1 85
15 0.312872 0.318748 0.624189 0.637497 1 86
15 0.307502 0.320929 0.612802 0.641126 1 87
15 0.664316 0.432354 0.161735 0.195825 2 88
15 0.29841 0.320894 0.594694 0.64091 1 89
15 0.663636 0.433936 0.166335 0.193939 2 90
15 0.301226 0.319679 0.60047 0.638169 1 91
15 0.662907 0.432976 0.169553 0.194591 2 92
15 0.297396 0.318548 0.593776 0.637096 1 93
15 0.660228 0.433303 0.171071 0.194974 2 94
15 0.298985 0.318355 0.597044 0.636709 1 95
15 0.660988 0.432602 0.175674 0.195128 2 96
15 0.295025 0.319897 0.58779 0.639794 1 97
15 0.661804 0.432841 0.175807 0.194368 2 98
15 0.30257 0.318333 0.604113 0.636666 1 99
15 0.673461 0.431352 0.199561 0.199339 2 100
15 0.297313 0.320307 0.592097 0.640615 1 101
15 0.67507 0.431065 0.201141 0.199765 2 102
15 0.301781 0.318719 0.602294 0.637437 1 103
15 0.684922 0.430291 0.202729 0.20115 2 104
15 0.306759 0.31906 0.61214 0.63812 1 105
15 0.683426 0.430154 0.199236 0.201264 2 106
15 0.301071 0.319186 0.601096 0.638373 1 107
15 0.683589 0.431373 0.200239 0.199884 2 108
15 0.300609 0.320465 0.598505 0.638985 1 109
15 0.686094 0.431066 0.204713 0.199308 2 110
15 0.287478 0.31992 0.573853 0.639748 1 111
15 0.680336 0.432748 0.208069 0.197579 2 112
15 0.292308 0.321593 0.583091 0.638912 1 113
15 0.681643 0.431241 0.207937 0.198963 2 114
15 0.298696 0.321392 0.595293 0.638698 1 115
15 0.682192 0.430764 0.210551 0.199591 2 116
15 0.301611 0.320214 0.600759 0.637424 1 117
15 0.681501 0.430988 0.209492 0.199135 2 118
15 0.296112 0.319868 0.590968 0.636849 1 119
15 0.679643 0.430722 0.206056 0.199141 2 120
15 0.296557 0.319415 0.591888 0.635789 1 121
15 0.678554 0.431069 0.200456 0.198538 2 122
15 0.307568 0.319924 0.613335 0.636212 1 123
15 0.688182 0.434189 0.208731 0.193247 2 124
15 0.304221 0.320281 0.606316 0.636686 1 125
15 0.693278 0.4376 0.219917 0.190161 2 126
15 0.294824 0.319969 0.587759 0.636292 1 127
15 0.692821 0.437719 0.223992 0.189221 2 128
15 0.292659 0.320209 0.583531 0.634557 1 129
15 0.688983 0.435514 0.210356 0.18961 2 130
15 0.294036 0.32048 0.58512 0.640959 1 131
15 0.686972 0.4376 0.208148 0.189657 2 132
15 0.299066 0.320403 0.595217 0.640805 1 133
15 0.68763 0.437561 0.208265 0.189696 2 134
15 0.300697 0.320617 0.598741 0.641235 1 135
15 0.686949 0.437406 0.207777 0.190259 2 136
15 0.299316 0.320386 0.595948 0.640772 1 137
15 0.68222 0.435676 0.198007 0.19006 2 138
15 0.296271 0.320381 0.589731 0.640763 1 139
15 0.680829 0.435332 0.195675 0.190375 2 140
15 0.291026 0.320235 0.579496 0.64047 1 141
15 0.680058 0.434482 0.200812 0.191898 2 142
15 0.29039 0.320253 0.577934 0.640507 1 143
15 0.679809 0.434695 0.199583 0.192313 2 144
15 0.290548 0.320155 0.578213 0.640309 1 145
15 0.680008 0.434491 0.198885 0.192689 2 146
15 0.297328 0.320322 0.591853 0.640645 1 147
15 0.680891 0.434113 0.201913 0.193365 2 148
15 0.297346 0.320369 0.592016 0.640737 1 149
15 0.677924 0.434999 0.198117 0.193815 2 150
15 0.292884 0.320011 0.581715 0.640022 1 151
15 0.676608 0.433397 0.196041 0.193987 2 152
15 0.290183 0.319761 0.57828 0.639522 1 153
15 0.676905 0.432815 0.193114 0.19389 2 154
15 0.283278 0.320993 0.565437 0.636819 1 155
15 0.672961 0.434204 0.188268 0.194021 2 156
